-3.8825757575757596 -2.73538961038961
-2.8814935064935083 0.7278138528138536
-2.0021645021645034 -1.0849567099567095
-0.5140692640692652 2.5405844155844157
0.2705627705627691 0.25432900432900496
1.7857142857142847 3.7987012987012996
2.367424242424242 1.1742424242424248
3.4902597402597397 3.487554112554113
3.4226190476190474 -1.8966450216450212
2.908549783549784 1.2148268398268405
2.0698051948051948 -0.3003246753246751
1.6233766233766236 1.850649350649352
0.09469696969696884 -0.9361471861471857
-0.554653679653681 0.5925324675324681
-2.245670995670997 -2.316017316017316
-2.800324675324677 -0.7602813852813846